 2
 6
 7
 8
 9
 10
 11
 17
 18
 19
 20
 22
 23
 26
 27
 28
 29
 30
 32
 34
 35
 36
 37
 38
 40
 42
 43
 47
 48
 53
 55
 57
 60
 65
 66
 67
 73
 78
 83
 84
 87
 88
 89
 90
 91
 94
 95
 99
 100
 101
 104
 105
 106
 110
 118
 124
 125
 126
 128
 131
 133
 135
 138
 139
 142
 143
 145
 146
 147
 148
 150
 156
 157
 158
 159
 160
 163
 165
 166
 178
 179
 181
 195
 202
 207
 209
 212
 213
 215
 216
 219
 220
 223
 227
 235
 244
 247
 249
 251
 252
 253
 254
 255
 259
 261
 273
 274
 276
 279
 286
 291
 292
 294
 295
 301
 303
 304
 306
 312
 313
 318
 320
 327
 331
 334
 335
 337
 338
 339
 341
 342
 343
 357
 358
 359
 360
 362
 365
 369
 372
 373
 374
 376
 387
 388
 392
 394
 396
 400
 402
 403
 405
 411
 412
 418
 421
 425
 426
 427
 433
 435
 436
 437
 441
 445
 446
 447
 448
 450
 451
 454
 463
 464
 469
 471
 472
 474
 475
 476
 533
 551
 553
 554
 556
 559
 560
 561
 563
 564
 566
 567
 569
 570
 572
 577
 602
 604
 642
 643
 644
 645
 695
 703
 705
 714
 717
 718
 719
 725
 728
 748
 749
 751
 752
 753
 754
 755
 758
 759
 760
 762
 763
 764
 765
 766
 768
 769
 773
 774
 775
 776
 777
 778
 779
 780
 781
 782
 783
 786
 787
 788
 789
 790
 791
 792
 793
 794
 795
 796
 797
 798
 799
 800
 801
 802
 803
 807
 821
 826